6.084858995927832e-05	1.375830508409651e-11
0.0004867892512397	4.814800953871859e-10
0.0016429168011418	3.7217344799877803e-09
0.0038943316875987	1.5935325652721043e-08
0.0076061430473176	4.9396187072398425e-08
0.013143471962172	1.2479152331161856e-07
0.020871454848511	2.737768774669459e-07
0.0311552470444839	5.416802272225808e-07
0.0443600265688993	9.903827113893433e-07
0.0608509980625915	1.7013634616230298e-06
0.0809933968854643	2.77893665612541e-06
0.1051524933894895	4.353659840910273e-06
0.1336935973766467	6.585904189775162e-06
0.166982062733441	9.669595889774309e-06
0.2053832922202079	1.3836149677642272e-05
0.2492627424355933	1.935857378584652e-05
0.298985928994245	2.6555709598441396e-05
0.3549184318031771	3.579671902851479e-05
0.4174259006037682	4.750565278691519e-05
0.4868740606022038	6.216627859006215e-05
0.5636287183264489	8.032702743241084e-05
0.6480557676331786	0.0001026061384264
0.7405211959101281	0.0001296969543344
0.8413910904174597	0.0001623734247131
0.9510316448322222	0.0002014957521252
1.069809165964714	0.0002480162136206
1.1980900806120232	0.0003029851913456
1.3362409426562762	0.000367557304736
1.48462844025226	0.0004429977996675
1.643619403231838	0.0005306890668926
1.813580810724176	0.0006321372924179
1.994879798831803	0.0007489793953327
2.1878836686150387	0.000882990006373
2.392959894146386	0.0010360887212462
2.610476130792036	0.0012103474724462
2.84080022364758	0.001407998093907
3.084300216161902	0.0016314400428825
3.341344358903429	0.001883248325461
3.612301118549426	0.0021661815441698
3.897539186986685	0.0024831901812251
4.197427490629146	0.0028374250103129
4.512335199905171	0.0032322456824546
4.842631738898081	0.0036712295068883
5.188686795172847	0.0041581803905036
5.550870329781047	0.0046971379435
5.929552587403225	0.005292386793226
6.325104106743991	0.0059484659934004
6.737895730990766	0.0066701787107461
7.168298618533803	0.0074626019983871
7.616684253830549	0.0083310967705126
8.083424458420884	0.0092813179693101
8.568891402142121	0.0103192248783287
9.073457614523155	0.0114510916025403
9.597495996311585	0.012683517758286
10.14137983122048	0.0140234392929836
10.70548279780773	0.0154781395107427
11.290178981564736	0.0170552602385381
11.895842887137032	0.018762813203594
12.522849450770602	0.0206091915303012
13.171574052865031	0.0226031814737271
13.842392530760128	0.0247539742662187
14.535681191659746	0.0270711781687759
15.251816825735332	0.0295648306921543
15.99117671940808	0.0322454109768985
16.75413866880367	0.0351238523518178
17.541080993360204	0.0382115550792388
18.35238254964068	0.041520399242519
19.188422745287536	0.0450627578347347
20.04958155316951	0.0488515100000478
20.936239525701957	0.0529000544444233
21.84877780931434	0.0572223230454355
22.787578159117988	0.0618327946033889
23.75302295374562	0.0667465087680404
24.745495210318467	0.0719790801778587
25.765378599667947	0.0775467126911607
26.813057461642376	0.0834662138763821
27.88891682065112	0.089755009608243
28.993342401326192	0.0964311588883836
30.12672064442445	0.1035133687717045
31.289438722837268	0.1110210095289228
32.48188455778908	0.1189741299618073
33.704446835241434	0.1273934728587842
34.95751502242744	0.1363004906613734
36.24147938458337	0.1457173612810342
37.55673100183439	0.1556670040993768
38.903661786275016	0.1661730961231379
40.28266449919101	0.1772600883355943
41.694132768488274	0.1889532221906165
43.13846110627005	0.2012785462959624
44.61604492658331	0.2142629332721703
46.1272805633506	0.2279340967718997
47.6725652884917	0.2423206086493012
49.25229733013905	0.2574519163803748
50.866875891149625	0.2733583605297456
52.516701167664905	0.2900711925123744
54.202174367914665	0.3076225924518794
55.92369773119403	0.3260456872165449
57.68167454696701	0.3453745686576356
59.476509174164406	0.3656443120132741
61.30860706069276	0.386890994430145
63.17837476304635	0.4091517137303181
65.08621996613194	0.4324646073106715
67.03255150325396	0.4568688712188642
69.01777937629245	0.4824047793835045
71.04231477601813	0.5091137030485204
73.10657010259199	0.5370381303636212
75.2109589862468	0.566221686137669
77.35589630814657	0.5967091517583667
79.5417982213772	0.6285464853150162
81.76908217215679	0.661780841856528
84.03816692118197	0.696460593843404
86.34947256517115	0.7326353517512695
88.70342055858382	0.770355984842992
91.10043373544352	0.8096746421722806
93.54093633143766	0.8506447736588979
96.0253540061122	0.8933211514063323
98.55411386527032	0.9377598911611702
101.12764448351088	0.9840184739759078
103.74637592699553	1.032155767975578
106.41073977632009	1.082232050376311
109.12116914961123	1.1343090296092246
111.8780987257575	1.188449867654951
114.68196476784271	1.2447192025232752
117.53320514672164	1.30318317092106
120.43225936477266	1.3639094310967192
123.3795685798561	1.4269671858112347
126.37557562938822	1.4924272055421648
129.42072505463844	1.5603618517997988
132.5154631251468	1.6308451006736546
135.66023786336945	1.7039525664805144
138.85549906944644	1.7797615256412869
142.10169834615957	1.858350940705625
145.39928912406893	1.9398014845383151
148.74872668681584	2.0241955646844936
152.15046819658392	2.111617347912918
155.60497271974938	2.2021527849157123
159.1127012526849	2.29588963519375
162.6741167477594	2.39291749208487
166.28968413948243	2.4933278079989454
169.9598703708315	2.597213919794646
173.68514441974372	2.7046710743498013
177.46597732580062	2.8157964542654965
181.30284221705352	2.9306892037834658
185.19621433704023	3.049450454843284
189.14657107195552	3.1721833533312656
193.15439197802152	3.298993085469532
197.2201588089925	3.4299869044130857
201.34435554385897	3.565274156984393
205.52746841470253	3.7049663106049904
209.7699859347476	3.8491769803611904
214.0723989265464	3.998021956289916
218.43520055037703	4.151619230779327
222.85888633276747	4.310089026192967
227.34395419524168	4.473553822612118
231.89090448317748	4.6421383857979
236.50023999489375	4.815969795279509
241.17246601086603	4.9951774726410125
245.90809032313496	5.179893209966086
250.7076232648628	5.37025119846577
255.57157774009815	5.566388057248671
260.5004692536748	5.768442862286259
265.4948159412985	5.976557175544127
270.55513859979953	6.19087507427653
275.68196071756347	6.411543180482305
280.8758085051255	6.638710690557057
286.1372109259159	6.872529405101052
291.4666997272396	7.11315375886841
296.86480947134595	7.360740850939862
302.3320775667122	7.61545047503828
307.86904429950806	7.877445149993895
313.4762528652001	8.14689015041562
319.1542494003464	8.423953537510103
324.9035830145626	8.708806190068993
330.724805822628	9.001621835653625
336.6184729768163	9.302577081906575
342.5851426993465	9.611851448066332
348.6253763150333	9.92962739663801
354.73973828409385	10.256090365233824
360.9287962351327	10.591428798588217
367.1931209982952	10.935834180739286
373.5332866385893	11.289501067373516
379.9498704893744	11.652627118360307
386.4434531860379	12.025413130424797
393.0146186998084	12.40806307002526
399.663954371778	12.800784106373332
406.3920509470721	13.20378664463043
413.1995026091861	13.617284359285591
420.0869070145121	14.04149422768378
427.0548653270201	14.47663656373867
434.1039822531122	14.92293505180566
441.2348660766428	15.380616780741724
448.448128694123	15.849912278105
455.7443856500849	16.331055544548796
463.1242561726248	16.824284088362887
470.5883632090863	17.329838960232745
478.13733346196506	17.847964788090025
485.7717974249429	18.3789098122006
493.4923894191016	18.92292592039845
501.29974762931903	19.480268683472264
509.1945141408176	20.05119739075546
517.1773349758975	20.635975085852216
525.2488601308329	21.234868602553306
533.4097436129374	21.848148600921327
541.6606434778106	22.47608960352321
550.0022218667332	23.118970031867075
558.4351450442498	23.777072242984087
566.9600834359235	24.450682566175796
575.5777116662459	25.14009133995306
584.2887085967243	25.84559294912885
593.0937573641519	26.567485862071624
601.9935454190157	27.30607266816181
610.988764564114	28.06166011537405
620.0801109933188	28.834559148057995
629.2682853305039	29.625084944886524
638.5539926686633	30.43355695696157
647.9379426091895	31.260298946092718
657.4208493013161	32.105639023248585
667.0034314817447	32.96990968717714
676.6864125144095	33.85344786320633
686.4705204304673	34.756594942176605
696.3564879684067	35.67969681958407
706.3450526143397	36.62310393488204
716.4369566424938	37.58717131093099
726.6329471558221	38.572258593641855
736.9337761268248	39.5787300917882
747.3402004385231	40.60695481696547
757.8529819256066	41.65730652373961
768.4728874157519	42.730163749963154
779.200688771119	43.8259098572361
790.037162929965	44.944933071603074
800.9830919485357	46.08762652431191
812.0392630430132	47.25438829284662
823.206468631696	48.44562144207023
834.4855063773415	49.661734065549794
845.8771792296618	50.90313932705589
857.3822954680047	52.17025550223282
869.0016687441963	53.46350602042548
880.736118125556	54.78331950669067
892.5864681380918	56.130129823954185
904.553548809831	57.50437611538367
916.6381957143776	58.90650284685778
928.8412500145664	60.33695984969823
941.1635585063608	61.7962023634777
953.6059736628704	63.28469107905645
966.1693536785648	64.80289218176381
978.8545625136204	66.35127739477569
991.6624699385088	67.93032402260228
1004.5939515786622	69.54051499482468
1017.6498889593804	71.18233890994023
1030.8311695508824	72.85629007939687
1044.1386868135166	74.56286857180386
1057.5733402431626	76.30258025729563
1071.1360354167869	78.0759368520826
1084.8276840381827	79.88345596314801
1098.6492039838463	81.72566113315365
1112.601519349075	83.60308188546585
1126.6855604941925	85.51625376937642
1140.9022640909584	87.46571840550915
1155.2525731691503	89.45202353134998
1169.7374371633082	91.47572304699966
1184.3578119596525	93.53737706105636
1199.1146599431836	95.6375519366716
1214.0089500449187	97.77682033779922
1229.0416577893366	99.95576127560064
1244.2137653419709	102.1749601549928
1259.5262615571648	104.43500882141986
1274.9801420260185	106.73650560774782
1290.5764091244928	109.08005538134243
1306.3160720616825	111.46626959132462
1322.2001469282538	113.89576631599677
1338.2296567450785	116.36917031040431
1354.4056315119954	118.8871130541227
1370.7291082567765	121.45023279916154
1387.2011310842497	124.05917461807056
1403.8227512255764	126.71459045220875
1420.5950270877431	129.41713916015905
1437.519024303161	132.1674865663519
1454.5958157794869	134.9663055098315
1471.8264817495951	137.81427589317943
1489.2121098216994	140.71208473165913
1506.7537950296844	143.66042620246606
1524.4526398835694	146.66000169419314
1542.3097544201723	149.71151985644386
1560.3262562539094	152.81569664962083
1578.5032706277948	155.9732553948857
1596.841930464606	159.18492682427353
1615.3433764181898	162.45144913101106
1634.0087569249813	165.7735680199526
1652.8392282556536	169.15203675824554
1671.835954566959	172.5876162261055
1691.0001079537408	176.0810749678094
1710.332868501094	179.63318924282666
1729.835424336728	183.2447430771361
1749.5089716834598	186.9165283147031
1769.3547149119106	190.64934466913664
1789.373866593368	194.4439997754871
1809.567647552778	198.3013092422713
1829.9372869219667	202.22209670360047
1850.4840221929855	206.2071938715164
1871.209099271652	210.2574405884958
1892.1137725312403	214.37368488010367
1913.199304866355	218.5567830078413
1934.4669677469767	222.8075995221414
1955.9180412726575	227.1270073155528
1977.553814226916	231.51588767607217
1999.3755841317752	235.97513034065975