2.5562867312178257e-05	3.479816601399364e-11
0.0002045041945911	1.1183186854023543e-09
0.0006902087441224	8.515802268027504e-09
0.0016360739407287	3.5985444091094506e-08
0.003195516303002	1.1012326893671337e-07
0.0055219779433713	2.7477825540513305e-07
0.0087689331390449	5.95534982428668e-07
0.0130898949689882	1.1642677867878214e-06
0.0186384220237312	2.1037590354305158e-06
0.025568125179752	3.5723889028741897e-06
0.0340326744449302	5.76888950240384e-06
0.0441858058698184	8.937167851996523e-06
0.0561813285276644	1.337119398427196e-05
0.0701731315607769	1.94199559333522e-05
0.086315191294254	2.749247980211461e-05
0.1047615784158541	3.8062915404102016e-05
0.1256664652230198	5.167568574572711e-05
0.1491841329339731	6.895070274313897e-05
0.1754689790664709	9.05886447816111e-05
0.2046755248808445	0.000117376298864
0.23695842288751	0.0001501919663509
0.2724724644205106	0.0001900109301618
0.3113725872745175	0.0002379109850668
0.3538138834055232	0.000295078030423
0.3999516066962715	0.0003628117233526
0.4499411807851846	0.0004425311930384
0.503938206956574	0.0005357808176586
0.562098472096651	0.0006442360586143
0.6245779567097347	0.000769709357207
0.6915328429968539	0.0009141560906985
0.7631195229985149	0.0010796805852684
0.8394946067963841	0.0012685421906683
0.9208149307775452	0.0014831614121052
1.0072375659605632	0.0017261260992936
1.09891982638065	0.0020001976951569
1.1960192775371616	0.0023083175398816
1.2986937448998326	0.0026536132333531
1.4071013224753155	0.0030394050541222
1.5214003814341417	0.0034692124335694
1.641749578796132	0.0039467604870607
1.7683078661754457	0.00447598660013
1.90123449858374	0.0050610470705997
2.040689043292925	0.0057063238044485
2.186831388755426	0.0064164310672035
2.339821753582543	0.0071962222892456
2.4998206955804507	0.0080507969253599
2.6669891208443848	0.0089855073669569
2.841488292908996	0.0100059659086921
3.0234798419564464	0.0111180517674016
3.2131257740805244	0.0123279181541225
3.410588480608113	0.0136419993977058
3.616030747475817	0.0150670181215746
3.829615764662873	0.0166099924717189
4.051507135680452	0.0182782433957402
4.281868887115362	0.0200794019738916
4.520865478229254	0.0220214168008814
4.768661810613519	0.0241125614176142
5.025423237897109	0.0263614417950566
5.291315575511356	0.0287770038657541
5.566505110506974	0.0313685411074862
5.851158611426037	0.0341457021751762
6.145443338227351	0.03711849858302
6.449527052265389	0.0402973124356524
6.763578026323825	0.0436929042067971
7.087765054699509	0.047316420569606
7.422257463342697	0.0511794022718428
7.767225120046926	0.0552937920626598
8.122838444693736	0.0596719426647294
8.489268419548289	0.0643266247960744
8.866686599607613	0.0692710352384245
9.2552651230007	0.0745188049535314
9.655176721440265	0.080084007246437
10.066594730726123	0.085981165976001
10.489693101299526	0.0922252638122395
10.924646408849249	0.0988317505401895
11.371629864968106	0.1058165514105131
11.830819327860176	0.1131960755366158
12.302391313099378	0.1209872243373443
12.786523004437688	0.1292074000263285
13.283392264663767	0.1378745141471398
13.793177646511808	0.1470069961540879
14.316058403620328	0.1566238020387619
14.85221450154069	0.1667444230018079
15.401826628795243	0.1773888941703684
15.96507620798463	0.1885778033607335
16.542145406944634	0.2003322998863945
17.133217149952554	0.212674103410196
17.73847512898135	0.2256255128428847
18.35810381500458	0.2392094152848809
18.99228846934793	0.2534492950144228
19.64121515509093	0.2683692425188868
20.305070748516165	0.2839939635721005
20.98404295060755	0.3003487883548804
21.67832029859618	0.3174596806207562
22.388092177554817	0.3353532469058679
23.11354883203938	0.3540567457836934
23.854881377779733	0.3735980971627655
24.61228181341673	0.394005891630285
25.38594303228822	0.4153093998380835
26.176058834260896	0.4375385819347668
26.982823937611705	0.4607240970400182
27.8064339909544	0.4848973127644678
28.647085585215255	0.5100903147722172
29.504976265654083	0.5363359163890972
30.380304543933857	0.5636676682533439
31.27326991023598	0.5921198680115821
32.18407284542383	0.6217275700573914
33.11291483325144	0.6525265953155118
34.05999837262022	0.6845535410689647
35.02552698988162	0.7178457908306276
36.00970525118667	0.7524415242583647
37.01273877488208	0.7883797271149429
38.03483424395163	0.8257002012723301
39.076199418506135	0.8644435747579883
40.137043148317694	0.9046513118483652
41.21757538540105	0.9463657232039762
42.31800719664109	0.989629976050647
43.43855077646615	1.0344881044037395
44.57941945956813	1.0809850193372397
45.74082773366813	1.129166519297316
46.92299125232808	1.1790793004596554
48.12612684780815	1.2307709671331164
49.35045254397093	1.2842900422054482
50.59618756923098	1.3396859776354544
51.86355236954983	1.397009164989277
53.152768621477605	1.4563109460218004
54.46405924523989	1.517643623302461
55.797648417871166	1.5810604708863163
57.153761586393045	1.6466157450301138
58.5326254810388	1.714364694953881
59.93446812852368	1.7843635736472037
61.3595188653609	1.8566696487210488
62.80800835122361	1.9313412133052053
64.2801685823518	2.008437596991359
65.77623290500576	2.088019176821498
67.29643602896572	2.170147388321916
68.84101404107479	2.2548847365846427
70.41020441883121	2.342294807392439
72.00424604402319	2.432442278392169
73.6233792164118	2.525392930312774
75.26784566745752	2.621213658231204
76.93788857409483	2.719972482883609
78.63375257255062	2.821738562023325
80.35568377220957	2.9265822018270136
82.10392976952546	3.034574868345229
83.87873966197728	3.145789199002746
85.68036406207221	3.2602990141444512
87.50905511139403	3.3781793286290545
89.36506649469837	3.49950636346986
91.24865345405232	3.624357557524175
93.16007280302148	3.752811579229887
95.09958294090244	3.8849483383896537
97.06744386700184	4.02084899800386
99.06391719496072	4.1605959861516375
101.08926616712552	4.304273007920378
103.14375566896604	4.4519650573833465
105.22765224353816	4.603758429626828
107.34122410599426	4.759740732825522
109.48474115813926	4.92000090036724
111.65847500303302	5.084629203027402
113.86269895963994	5.253717261191858
116.09768807752462	5.427358057129801
118.3637191515935	5.605645947317338
120.66107073688435	5.7886766748093885
122.99002316340238	5.976547381662589
125.35085855100144	6.169356621408552
127.7438608243142	6.367204371577237
130.16931572772833	6.570192046271102
132.62751084040926	6.778422508790116
135.11873559137072	6.99200008430755
137.64328127459223	7.211030572596845
140.20144106418326	7.435621260810748
142.7935100295952	7.66588093631034
145.4197851508807	7.901919899547676
148.08056533400028	8.143849976998252
150.77615142617609	8.391784534147531
153.5068462312939	8.645838488528168
156.27295452535236	8.906128322811027
159.07478307196018	9.172772097947096
161.9126406378809	9.445889466364074
164.78683800862592	9.725601685214569
167.69768800409497	10.012031629678642
170.64550549426548	10.305303806318072
173.6306074149296	10.60554436648608
176.65331278347918	10.912881119789136
179.71394271474	11.227443547604102
182.8128204368536	11.549362816648058
185.9502713072084	11.878771792603754
189.1266228284182	12.215805053798311
192.34220466435127	12.56059890493794
195.5973486562071	12.913291390895887
198.8923888386412	13.274022310557008
202.22766145594144	13.642933230716348
205.60350497825056	14.020167500033862
209.02026011784065	14.405870263044257
212.4782698454347	14.800188474222882
215.97787940657912	15.20327091210727
219.51943633806465	15.615268193475645
223.10329048439763	16.03633278758022
226.7297940143212	16.466619030438466
230.39930143738525	16.90628313918058
234.1121696205673	17.35548322645295
237.8687578049427	17.81437931488067
241.66942762240592	18.28313335158472
245.5145431124413	18.76190922275891
249.404470738944	19.25087276830249
253.33957940709183	19.750191796512222
257.3202404802682	20.26003609883093
261.34682779703456	20.780577464654744
265.4197176881543	21.31198969619952
269.5392889936675	21.85444862342328
273.7059230800164	22.40813211901083
277.9200038572226	22.973220113413525
282.18191779611493	23.54989460995068
286.49205394560846	24.138339699968864
290.8508039500364	24.738741578060687
295.2585620665305	25.3512885573435
299.71572518245694	25.97617108479748
304.2226928329012	26.613581756663027
308.7798672182063	27.26371533389946
313.3876532215618	27.92676875770209
318.04645842664627	28.60294116508141
322.7566931353204	29.29243390450188
327.5187703853753	29.995450551580763
332.3331059683284	30.712196924849103
337.20011844727776	31.442881101573
342.1202291748041	32.18771343363538
347.09386231092907	32.946906563480624
352.1214448411234	33.72067544011902
357.2034065943719	34.509237335193696
362.34018026128695	35.312811859109225
367.5322014122799	36.1316209772219
372.7799085157816	36.96588902609214
378.0837429565199	37.815842729799584
383.4441490538487	38.681711216319385
388.8615740801304	39.56372603396219
394.3364682791752	40.46212116787653
399.8692848847295	41.377133056613125
405.4604801390223	42.30900060875346
411.11051331136497	43.257965219600415
416.8198467168033	44.22427078793245
422.5889457348265	45.208163732821376
428.4182788281289	46.20989301051338
434.3083175614269	47.22971013137371
440.2595366203318	48.26786917689516
446.272413830274	49.324626816770646
452.3474301754868	50.400242326029634
458.4850698180408	51.49497760223862
464.6858201169381	52.609097182765936
470.950171647256	53.74286826211189
477.2786182193525	54.89656070930197
483.6716568981212	56.07044708534598
490.12978802230754	57.264802660760765
496.6535152238754	58.47990543316011
503.24334544743374	59.71603614490664
509.89978896971655	60.97347830083127
516.6233594191203	62.252518186017575
523.4145737952977	63.55344488365051
530.2739524888041	64.87655029293155
537.2020193008082	66.22212914705966
544.1993014628488	67.59047903127762
551.2663296566585	68.98190040098403
558.4036380340357	70.39669659991188
565.6117642367784	71.83517387837327
572.8912494166734	73.29764141156943
580.2426382555425	74.78441131796822
587.6664789853453	76.29579867774746
595.163323408341	77.83212155130502
602.7337269173046	79.3937009978351
610.3782485158044	80.98086109397204
618.0974508385333	82.59392895250056
625.8919001716995	84.23323474113275
633.7621664734751	85.89911170135252
641.7088233945041	87.59189616732695
649.7324482984627	89.31192758488505
657.8336222826853	91.05954853056384
666.0129301988416	92.83510473072155
674.2709606736785	94.63894508071944
682.6083061298142	96.47142166416904
691.0255628065959	98.33288977224996
699.5233307810119	100.22370792309304
708.1022139886654	102.14423788123344
716.7628202448075	104.0948446771294
725.5057612654233	106.0758966267515
734.3316526883851	108.08776535123828
743.2411140946585	110.13082579662084
752.234769029572	112.20545625361616
761.3132450241416	114.3120383774873
770.4771736164581	116.45095720797435
779.7271903731314	118.6226011892916
789.0639349107984	120.82736219019507
798.4880509176832	123.06563552411784
808.0001861752276	125.33781996937468
817.6009925797676	127.64431778943492
827.2911261642864	129.9855347532648
837.07124712021	132.36188015573873
846.9420198192785	134.7737668381197
856.9041128354654	137.22161120860778
866.9581989669667	139.70583326296003
877.1049552582414	142.22685660517706
887.345063022122	144.78510846826177
897.6792078619757	147.38101973504385
908.1080796939352	150.0150249590783
918.6323727691844	152.68756238560886
929.2527856963062	155.3990739726053
939.970021463692	158.15000541186598
950.7847874620148	160.94080615019493
961.6977955067543	163.77192941064388
972.7097618607944	166.6438322138286
983.8214072570768	169.55697539931148
995.0334569213124	172.51182364705588
1006.3466405947609	175.50884549895085
1017.7616925570668	178.54851338040436
1029.2793516491597	181.63130362200832
1040.9003612962167	184.75769648127212
1052.6254695306834	187.92817616442807
1064.455429015357	191.14323084830508
1076.3909970665377	194.40335270227564
1088.4329356772323	197.7090379102688
1100.5820115404306	201.0607866928588
1112.8389960724296	204.4591033294191
1125.2046654362375	207.9044961803512
1137.6798005650242	211.39747770938027
1150.265187185646	214.9385645059245
1162.9616158422225	218.5282773075332
1175.7698819197874	222.16714102239567
1188.69078566799	225.8556847519218
1201.7251322248685	229.59444181339288
1214.8737316406798	233.38394976268265
1228.1373989017995	237.22475041705025
1241.5169539546753	241.1173898780024
1255.0132217298517	245.06241855422957
1268.6270321660515	249.06039118460856
1282.3592202343264	253.1118668612805
1296.210625962267	257.2174090527976
1310.1820944582726	261.3775856273398
1324.2744759358948	265.5929688760067
1338.488625738232	269.86413553617524
1352.8254043624006	274.1916668149329
1367.2856774840538	278.5761484125794
1381.8703159819815	283.0181705462016
1396.5801959627574	287.5183279733172
1411.4161987854648	292.0772200155926
1426.3792110864729	296.6954505826296
1441.4701248042882	301.3736281958249
1456.6898372044586	306.11236601229984
1472.0392509045548	310.9122818489035
1487.5192738992018	315.7739982062839
1503.1308195851882	320.69814229303483
1518.8748067866245	325.68534604990936
1534.7521597801822	330.7362461741098
1550.7638083203806	335.85148414364494
1566.9106876649569	341.0317062417621
1583.1937386002774	346.27756358144734
1599.6139074668374	351.5897121300014
1616.1721461848056	356.9688127336828
1632.8694122796476	362.4155311424269
1649.706668907804	367.93053803463226
1666.6848848824409	373.5145090420219
1683.8050346992584	379.1681247745763
1701.0680985623694	384.892070845534
1718.47506241024	390.68703789647