6.991813124179466e-05	1.2333391200384092e-11
0.0005593455096853	4.0955301622859295e-10
0.001887793696751	3.1451207549587726e-09
0.0044747789695369	1.3312208726628111e-08
0.0087398246773824	4.0866738142908514e-08
0.0151024637871321	1.022688710297845e-07
0.0239822413618365	2.222977996037532e-07
0.0357987171749323	4.358386531354522e-07
0.0509714683118	7.897884399969601e-07
0.0699200918859707	1.3449548485183487e-06
0.0930642077834648	2.178033689540431e-06
0.1208234614141483	3.3836857219855284e-06
0.1536175266253479	5.076559172039919e-06
0.1918661085686764	7.393464648846955e-06
0.2359889466490994	1.0495575451630646e-05
0.2864058175346489	1.4570673630734606e-05
0.3435365382664543	1.9835402829727355e-05
0.4078009692980129	2.6537697769581715e-05
0.4796190177212585	3.49591346126471e-05
0.5594106404733669	4.54174063521643e-05
0.6475958476178454	5.826883088582179e-05
0.744594705655515	7.391093590785535e-05
0.8508273409325754	9.278505280788112e-05
0.966713943052849	0.0001153790125809
1.0926747683835591	0.0001422298564267
1.2291301436003033	0.0001739266107608
1.376500469250053	0.0002111131531553
1.5352062234622454	0.0002544910344398
1.7056679655812212	0.0003048224867241
1.8883063399753104	0.0003629333627681
2.0835420798257998	0.0004297161969659
2.291796010974344	0.000506133319662
2.513489055853687	0.000593219989944
2.7490422374678705	0.0006920875874493
2.9988766833803244	0.0008039269014474
3.2634136298270158	0.0009300114015573
3.5430744258002598	0.0010717006420155
3.8382805372709536	0.0012304436379181
4.149453551411428	0.0014077823394027
4.477015180847637	0.0016053551903194
4.821387268049754	0.0018249006486493
5.182991789679228	0.002068260858846
5.562250861079657	0.0023373852861122
5.959586740732773	0.002634334490857
6.375421834843902	0.002961283878537
6.810178701911712	0.0033205275724397
7.264280057434682	0.0037144822542749
7.738148778563657	0.004145691165403
8.232207908903169	0.0046168280633688
8.746880663334018	0.0051307012642522
9.282590432834038	0.0056902577912915
9.839760789472397	0.0062985874560834
10.418815491297533	0.0069589271492887
11.020178487442926	0.007674665025084
11.64427392318879	0.0084493448261713
12.291526145044063	0.0092866703018012
12.962359705997438	0.0101905095576147
13.657199370716825	0.0111648995627121
14.37647012086271	0.0122140506504801
15.120597160408783	0.0133423511147059
15.890005921078428	0.0145543717952824
16.68512206774444	0.0158548708078814
17.50637150395572	0.0172487982492003
18.35418037752745	0.0187413009467322
19.228975086065084	0.0203377273735287
20.131182282706902	0.0220436324604962
21.06122888179077	0.0238647825767164
22.019542064634297	0.0258071605107228
23.00654928535285	0.0278769705129689
24.02267827673393	0.0300806433934265
25.068357056142453	0.0324248416826486
26.14401393150412	0.0349164648309146
27.250077507381512	0.0375626544132568
28.386976690962197	0.0403707995252411
29.555140698268414	0.0433485420687043
30.75499906031577	0.0465037821861949
31.986981629346133	0.0498446837319803
33.25151858513833	0.0533796797621951
34.549040441325616	0.0571174781323992
35.87997805180623	0.061067067097986
37.24476261720783	0.0652377209697209
38.64382569136349	0.069639005860021
40.07759918785244	0.0742807854726204
41.54651538664836	0.0791732268856155
43.0510069407517	0.0843268064513911
44.591506882897214	0.0897523157387956
46.16844863232242	0.0954608674990032
47.78226600158189	0.1014639017103732
49.4333932034172	0.1077731916553298
51.12226485768325	0.1144008500565396
52.84931599829061	0.1213593352939802
54.61498208026341	0.1286614576104634
56.41969898680054	0.1363203854287353
58.26390303640165	0.144349651693021
60.14803099005798	0.1527631602562278
62.07252005848501	0.1615751923340236
64.03780790936999	0.1708004130416996
66.04433267479355	0.1804538778600103
68.09253295852949	0.1905510393357136
70.18284784352915	0.201107753686841
72.3157168994342	0.2121402875006044
74.49158019006711	0.2236653245409847
76.71087828108689	0.2356999725072699
78.97405224759085	0.2482617699450861
81.2815436818718	0.2613686931011788
83.63379470111124	0.2750391629621296
86.03124795522838	0.2892920522140953
88.4743466347305	0.3041466923349584
90.96353447861593	0.3196228807105452
93.49925578232246	0.3357408878340056
96.081955405783	0.3525214644773596
98.7120787814608	0.3699858490045484
101.39007192247028	0.388155774696048
104.11638143076549	0.4070534771055059
106.89145450534258	0.4267017015143149
109.71573895051456	0.4471237104147994
112.58968318426068	0.4683432910083753
115.5137362465806	0.4903847628300598
118.48834780794137	0.5132729853523451
121.51396817773076	0.5370333657142884
124.5910483128333	0.5616918664102619
127.72003982620654	0.5872750130887673
130.90139499546996	0.6138099024453986
134.13556677166883	0.6413242100417532
137.4230087879508	0.6698461983105495
140.76417536840523	0.6994047245098004
144.15952153689133	0.7300292487775787
147.6095030259189	0.761749842255549
151.1145762856239	0.7945971952062588
154.6751984927684	0.8286026252082908
158.2918275597576	0.8637980854557927
161.96492214378253	0.9002161730063067
165.69494165595134	0.9378901371731314
169.4823462705216	0.9768538878955372
173.32759693412387	1.0171420042353256
177.2311553751146	1.0587897428398776
181.19348411289025	1.1018330465459447
185.2150464673665	1.146308552930982
189.29630656835528	1.1922536030552362
193.4377293651866	1.2397062500733311
197.63978063616224	1.2887052681101037
201.90292699829268	1.3392901609582062
206.2276359168792	1.391501171035408
210.6143757152904	1.4453792882401917
215.06361558471076	1.500966258957946
219.57582559397008	1.5583045950647043
224.1514766994493	1.6174375829738925
228.79104075496437	1.6784092928026064
233.4949905217945	1.741264587492251
238.26379967868567	1.8060491320646228
243.0979428319353	1.8728094028914488
247.99789552554924	1.9415926969963295
252.9641342514046	2.0124471414565077
257.99713645950806	2.08542170280901
263.0973805682912	2.1605661965194924
268.2653459749181	2.237931296544857
273.5015130657151	2.3175685448752343
278.80636322660183	2.399530361180338
284.1803788535734	2.483870052495801
289.6240433632908	2.5706418229154
295.1378412036226	2.659900783430828
300.72225786434007	2.7517029617182653
306.3777798878058	2.84610531202857
312.10489487970733	2.9431657251538064
317.90409151990804	3.042943038352682
323.77585957324663	3.1454970454462825
329.7206899004846	3.2508885068689257
335.73907446925693	3.3591791598021805
341.83150636506394	3.4704317283905204
347.99847980235523	3.584709933952269
354.2404901356313	3.7020785052782488
360.5580338706147	3.822603188962828
366.9516086754476	3.946350759818889
373.4217133919771	4.073389031294895
379.9688480470612	4.203786865966781
386.5935138639503	4.337614186090276
393.2962132736882	4.474941984193215
400.0774499265988	4.615842333713871
406.9377287038071	4.760388399691402
413.87755572879655	4.908654449527329
420.89743837907776	5.060715863737752
427.9978852977925	5.216649146872812
435.1794064055094	5.37653193833978
442.44251291196144	5.54044302339338
449.7877173278991	5.708462344110799
457.2155334769565	5.88067101044985
464.7264765075867	6.057151311350911
472.3210629050263	6.237986725893975
479.999810503388	6.423261934450245
487.7632384976763	6.613062829991879
495.6118674559645	6.807476529358365
503.5462193315518	7.006591384634878
511.56681747524505	7.210496994509982
519.6741866476171	7.41928421575512
527.8688530313433	7.633045174744123
536.1513442436036	7.851873278974014
544.5221893485368	8.075863228674313
552.9819188697039	8.305111028485074
561.5310648026773	8.539713999112042
570.1701606275797	8.779770789143766
578.8997413217725	9.02538138680867
587.7203433725454	9.276647131844069
596.6325047898481	9.533670727415792
605.6367651191239	9.796556252036858
614.733665454107	10.065409171634464
623.9237484497744	10.34033635154712
633.2075583352853	10.621446068652624
642.5856409269624	10.90884802353987
652.0585436413689	11.202653352701626
661.6268155083982	11.502974640802211
671.2910071844493	11.809925932966896
681.0516709656094	12.123622747168152
690.9093608009362	12.444182086604116
700.8646323057508	12.77172245218754
710.9180427749918	13.106363855039016
721.0701511966462	13.448227829042278
731.321518265183	13.797437443481774
741.6727063951121	14.154117315649131
752.1242797344814	14.51839362362356
762.676804178553	14.89039411896964
773.3308473834176	15.27024813959692
784.0869787797451	15.658086622596004
794.9457695865426	16.054042117141737
805.9077928249646	16.458248797474397
816.9736233321678	16.87084247592374
828.1438377752651	17.29196061593153
839.419014665269	17.721742345194155
850.7997343711088	18.160328468823447
862.2865791337229	18.60786148254505
873.88013308016	19.06448558597704
885.5809822377705	19.53034669592943
897.3897145484011	20.005592459791597
909.3069198827012	20.490372268910985
921.3331900544248	20.984837272089937
933.4691188348204	21.489140389080116
945.715301967038	22.003436324158372
958.0723371806316	22.527881579729275
970.540824206067	23.06263447000361
983.121364789306	23.60785513470129
995.8145627064396	24.16370555282127
1008.6210237783608	24.730349556461444
1021.5413558854935	25.307952844677605
1034.576168982577	25.89668299740534
1047.726075113502	26.496709489414062
1060.991688426191	27.108203704334606
1074.373625187524	27.731338948715926
1087.8725037983334	28.3662904661448
1101.4889448084095	29.013235451432525
1115.2235709316458	29.672353064775084
1129.0770070610972	30.343824446097123
1143.049880284223	31.02783272929817
1157.1428198981062	31.7245630566568
1171.3564574247275	32.43420259324927
1185.6914266263352	33.15694054138519
1200.148363520792	33.89296815516664
1214.7279063970484	34.64247875501598
1229.4306958306108	35.405667742331545
1244.2573746991002	36.18273261411219
1259.208588197818	36.97387297771851
1274.284983855424	37.7792905655926
1289.487211549581	38.5991892501281
1304.815923522738	39.43377505849704
1320.2717743979135	40.28325618756805
1335.8554211945086	41.147843018922345
1351.5675233442523	42.02774813380329
1367.4087427070988	42.9231863282382
1383.3797435872573	43.8343746281208
1399.4811927492146	44.76153230440545
1415.7137594338362	45.70488088831202
1432.0781153745293	46.664644186592426
1448.574934813424	47.641048296845824
1465.204894517617	48.63432162290441
1481.9686737954714	49.64469489024231
1498.8669545129949	50.67240116142464
1515.9004211101912	51.71767585165991
1533.0697606175372	52.78075674435339
1550.3756626724849	53.861884006710646
1567.8188195360046	54.96130020543296
1585.3999261091926	56.07925032240684
1603.1196799498966	57.21598177051437
1620.9787812894688	58.3717444093935
1638.9779330494584	59.54679056137076
1657.1178408584672	60.74137502732891
1675.3992130689608	61.95575510270415
1693.82276077421	63.190190593493256
1712.3891978252034	64.44494383233342
1731.0992408476882	65.72027969461222
1749.953609259226	67.01646561461978
1768.9530252862464	68.33377160182211
1788.0982139812727	69.67247025707049
1807.3899032400825	71.03283678895006
1826.8288238189875	72.41514903014054
1846.4157093521085	73.81968745385997
1866.151296368784	75.246735190284
1886.036324310932	76.69657804311655
1906.07153555052	78.16950450613776
1926.257675407099	79.66580577981205
1946.5954921653329	81.18577578797351
1967.0857370926096	82.72971119455352
1987.7291644567288	84.29791142032012