4.354108360284264995e-07 9.000000079421999778e-12
5.442769300658383702e-07 1.285450025014800187e-11
6.828073796574469949e-07 1.841470002255200007e-11
8.581508478442958597e-07 2.638019999885999913e-11
1.080575377185534326e-06 3.779109966792000140e-11
1.363364401784505905e-06 5.413789997980000001e-11
1.723697392450362096e-06 7.755559979103999367e-11
2.183919410078018790e-06 1.111029998436399967e-10
2.773002883045559723e-06 1.591609996536000030e-10
3.528725908982836204e-06 2.280080011128799866e-10
4.500260867903134011e-06 3.266339994004199645e-10
4.583503175243276767e-06 3.355599979271400071e-10
4.730966414570280634e-06 3.365659996329000087e-10
6.579875779377652825e-06 5.451560023291199277e-10
9.205409889003407370e-06 8.856700020042000010e-10
1.292594431339368769e-05 1.438870055264000020e-09
1.821233582994920836e-05 2.337620007698999722e-09
2.574138033133443958e-05 3.797739893759999399e-09
3.648593744351144222e-05 6.169879925315999718e-09
5.184481667853601611e-05 1.002370017379199959e-08
7.382997193877368670e-05 1.628470000512000007e-08
1.053352533692691217e-04 2.645640039921999917e-08
1.505253835770989975e-04 4.298149942869000176e-08
1.515265470132905385e-04 4.336939951616000168e-08
1.567614816686484875e-04 4.349959932768000314e-08
1.825830298300605645e-04 5.348709947969999985e-08
2.131777299050711938e-04 6.596509966956000733e-08
2.489514854411373429e-04 8.135419958448000642e-08
2.907854101844601843e-04 1.003329984706500143e-07
3.397108620890204622e-04 1.237400005177500222e-07
3.969337353571459736e-04 1.526070000955500128e-07
4.638671655842999835e-04 1.882090020940800243e-07
5.421633096115346722e-04 2.321169976818000090e-07
6.337554269474987914e-04 2.862669998869200478e-07
7.409093004555955065e-04 3.530510016273000868e-07
7.458882522962349002e-04 3.562380003897000233e-07
7.709284478313950572e-04 3.573060024627900205e-07
7.726517903121785059e-04 3.583780024832400408e-07
7.761096737278803210e-04 3.605319974114400116e-07
7.795824772181713562e-04 3.626980010589600444e-07
7.830711410204083340e-04 3.648780029003300344e-07
7.865756568582698942e-04 3.670699992234600106e-07
7.900960248306962072e-04 3.692760035184000340e-07
7.936322535208538941e-04 3.714949979679800089e-07
7.971843260971870574e-04 3.737269982448001067e-07
8.007522596653822477e-04 3.759729994823400241e-07
8.043360545203806196e-04 3.782320023063400291e-07
8.079366337081756539e-04 3.805049971146600118e-07
8.115521342331019541e-04 3.827909971510800443e-07
8.151853510101604540e-04 3.850920043627800087e-07
8.188334892431542748e-04 3.874059981568000270e-07
8.370332293044372481e-04 3.885680031095401007e-07
8.970370666526993617e-04 4.263790022570800217e-07
9.635163899508216150e-04 4.692730006088000565e-07
1.034930996782275955e-03 5.164819998900000453e-07
1.111672039024606427e-03 5.684410052145001017e-07
1.194122362986989793e-03 6.256270051218000682e-07
1.282711486696666440e-03 6.885650009482000729e-07
1.377887711950345848e-03 7.578349996643999177e-07
1.480164633167906085e-03 8.340740011730000325e-07
1.590046715103842802e-03 9.179829967380000942e-07
1.708122391543888310e-03 1.010330008412399905e-06
1.742878661869245614e-03 1.037939992576600169e-06
1.803765621965598091e-03 1.041059991392799988e-06
2.040163172790969252e-03 1.227509989632000105e-06
2.312801180790587108e-03 1.451699991732199926e-06
2.621977679611012160e-03 1.716840006388800492e-06
2.972581012847881794e-03 2.030400015563399966e-06
3.370192190314636599e-03 2.401230008408000092e-06
3.821104111478873522e-03 2.839790014732800275e-06
4.332462005865724171e-03 3.358450006824600367e-06
4.912404214957343147e-03 3.971830006857200340e-06
5.570109678333828515e-03 4.697240027654300061e-06
6.316032241112019309e-03 5.555139979848699745e-06
6.372987226655107106e-03 5.622110003638400156e-06
6.614757796929269726e-03 5.638970028596399966e-06
7.187551726513073148e-03 6.299909988584700748e-06
7.827572619109149019e-03 7.059440010916000692e-06
8.524675525948854568e-03 7.910529972233597916e-06
9.283936748768350719e-03 8.864230038322000943e-06
1.011087403778577164e-02 9.932909973756000495e-06
1.101166133970353685e-02 1.113039998033400004e-05
1.199271876382049240e-02 1.247230001297399942e-05
1.306135664656260000e-02 1.397600005334700037e-05
1.422526350378170747e-02 1.566100069312999958e-05
1.549297222008977175e-02 1.754910019167999952e-05
1.563290359574811064e-02 1.776059995303000104e-05
1.627975460429155821e-02 1.781390021312999886e-05
1.710461356605549529e-02 1.902740020774999912e-05
1.801170879068138275e-02 2.038450045043999970e-05
1.896702359018833522e-02 2.183839904712000046e-05
1.997299804919451180e-02 2.339610055349999944e-05
2.103244660019262802e-02 2.506479965415000101e-05
2.214809179775206749e-02 2.685260034339999888e-05
2.332303051500384666e-02 2.876789915999999726e-05
2.456026793498157501e-02 3.081970006541999917e-05
2.586327658662925660e-02 3.301799994611999840e-05
2.723543859592486918e-02 3.537299888112000216e-05
2.779208302382097165e-02 3.633960120973999742e-05
2.830663825330771710e-02 3.644859871918000171e-05
2.882026718130619239e-02 3.733259973544000165e-05
2.940922892921358708e-02 3.835280096270999033e-05
3.001028142527392695e-02 3.940080033569000301e-05
3.062351876186193700e-02 4.047749989686000316e-05
3.124940979413498923e-02 4.158360011984000296e-05
3.188804898747656796e-02 4.271999874318000497e-05
3.253971875220966481e-02 4.388729864850000195e-05
3.320479434329678264e-02 4.508660156111999711e-05
3.388336997322059091e-02 4.631870174864999279e-05
3.457591513949956341e-02 4.758440182699000715e-05
3.473174132031806027e-02 4.787029969383999685e-05
3.572725688360481322e-02 4.801389996244999727e-05
3.621243334746105519e-02 4.888470126527000314e-05
3.678672409634077545e-02 4.992049805925000079e-05
3.737020371351800624e-02 5.097839818591999909e-05
3.796296606012254660e-02 5.205859924143999977e-05
3.856510580413273492e-02 5.316169975649999928e-05
3.917681029869519299e-02 5.428819843099999711e-05
3.979817426723893103e-02 5.543860126332000290e-05
4.042947900041238274e-02 5.661329794824000202e-05
4.107072493166473437e-02 5.781289955108000206e-05
4.172228775722408578e-02 5.903799787124000168e-05
4.238407401413729625e-02 6.028899902369000944e-05
4.257505883503671928e-02 6.065129997586000130e-05
4.376656536470268505e-02 6.083319890670000138e-05
4.588248626703777394e-02 6.478290245083999962e-05
4.820908692950358343e-02 6.919599790169999763e-05
5.065371007838522649e-02 7.390970237159998144e-05
5.322246765677618452e-02 7.894449834663000280e-05
5.592147654481371272e-02 8.432229902777997827e-05
5.875751137856300571e-02 9.006649979564999029e-05
6.173753593138613105e-02 9.620189822246000256e-05
6.486870437732399075e-02 1.027549972634099939e-04
6.815883138355818827e-02 1.097549971174700058e-04
7.161601347179154253e-02 1.172319974617000042e-04
7.291621756164877455e-02 1.200750005663999998e-04
7.634027151055593208e-02 1.204349963146399941e-04
7.860502424805196342e-02 1.252179988531000078e-04
8.111923535528664519e-02 1.305809968182800051e-04
8.371385060100818010e-02 1.361729966741500274e-04
8.639150768274068970e-02 1.420049961900000024e-04
8.915493879666722132e-02 1.480870042918199989e-04
9.200678350593856358e-02 1.544299984664299866e-04
9.495014830202674894e-02 1.610439984854999929e-04
9.798720759540124892e-02 1.679409971917999946e-04
1.011220058079301959e-01 1.751340044139000119e-04
1.043564397090764040e-01 1.826350006630000119e-04
1.050635625869904000e-01 1.842829967327999966e-04
1.086273566230827048e-01 1.848360012208000083e-04
1.098559454624898069e-01 1.876249977784000007e-04
1.113481137687444972e-01 1.910280025725000078e-04
1.128609616361661988e-01 1.944930050580000083e-04
1.143944910025486983e-01 1.980200020372000034e-04
1.159487025403051069e-01 2.016110035589999962e-04
1.175245370517320059e-01 2.052669987830000274e-04
1.191210576413846006e-01 2.089900052184000018e-04
1.207392039541495959e-01 2.127799991121000092e-04
1.223799144684230983e-01 2.166390055218000012e-04
1.240431926445628025e-01 2.205679981446000040e-04
1.251642688960381000e-01 2.232269995478000050e-04
1.275162201926847982e-01 2.238959999475000431e-04
1.292490204345650984e-01 2.279570049328000041e-04
1.312999304126518940e-01 2.327870058995999876e-04
1.333837531700997059e-01 2.377200009729999949e-04
1.355004952283601904e-01 2.427569976385000005e-04
1.376510940621513968e-01 2.479009947417000438e-04
1.398355549079692006e-01 2.531540027443999856e-04
1.420548198156365016e-01 2.585180042352000344e-04
1.443098264653830953e-01 2.639959953888000263e-04
1.465996436703997929e-01 2.695899975692000257e-04
1.489261505948386022e-01 2.753029974899999966e-04
1.492621348120040936e-01 2.761290011951999840e-04
1.546961155537533994e-01 2.769570055590000221e-04
1.585722926403214106e-01 2.862349994440000107e-04
1.629105030566664891e-01 2.967119917884000085e-04
1.673682049964519969e-01 3.075710077486000201e-04
1.719472996022468891e-01 3.188279913245000157e-04
1.766524927349391871e-01 3.304969950072000071e-04
1.814856875771098110e-01 3.425940047279999942e-04
1.864515959078081042e-01 3.551319947069999945e-04
1.915539936519294051e-01 3.681299920427999841e-04
1.967947854387276096e-01 3.816040016638000258e-04
2.021805612728538037e-01 3.955710021512000058e-04
2.026351078632009084e-01 3.967569948328000221e-04
2.064273904354539113e-01 3.979480076157999912e-04
2.068922715421603886e-01 3.991409969267999862e-04
2.073580940405400086e-01 4.003389931388999772e-04
2.078248579012496045e-01 4.015399952366000198e-04
2.082935027508447112e-01 4.027439965416000026e-04
2.087621516623081874e-01 4.039529989207999838e-04
2.092326793712457056e-01 4.051650099860999743e-04
2.097032133863870051e-01 4.063799933097999792e-04
2.101756262415815091e-01 4.075989945741000076e-04
2.106489828404647102e-01 4.088219938425000175e-04
2.145344695670607926e-01 4.100479910688000244e-04
2.164739476439835053e-01 4.149910074387000718e-04
2.189225450236640114e-01 4.212540012669999893e-04
2.213993907700161912e-01 4.276099924585000035e-04
2.239035498299808136e-01 4.340629995723000183e-04
2.264359597429045912e-01 4.406129977966000122e-04
2.289975628559373921e-01 4.472619978688000268e-04
2.315874217199065110e-01 4.540119936105000168e-04
2.342074188870399976e-01 4.608630071864000164e-04
2.368566144937513107e-01 4.678169896876000150e-04
2.395359486525659998e-01 4.748769872550000258e-04
2.422454291315556951e-01 4.820429871025999255e-04
2.427912798517589954e-01 4.834890105453000173e-04
2.472079127173011093e-01 4.849389941760000127e-04
2.477641059814270907e-01 4.863940114647999943e-04
2.483221794716719000e-01 4.878530029117999849e-04
2.488811982213126051e-01 4.893169907184000611e-04
2.494420972751462962e-01 4.907849877669999980e-04
2.500039416454630792e-01 4.922569867320000878e-04
2.505667259899386767e-01 4.937340105879999995e-04
2.511313933638715246e-01 4.952150036471999681e-04
2.516970061299450001e-01 4.967010132843999474e-04
2.522635589096722808e-01 4.981910045985999715e-04
6.927730701011483028e+00 9.704259225282976103e-03
1.205884712770164313e+01 2.234486752787682301e-02
1.719667014740643651e+01 4.147830522831159189e-02
2.234131715620396008e+01 6.832531538395669735e-02
2.749306016684079879e+01 1.033518031763775991e-01
3.265210199578100969e+01 1.464375025782559958e-01
3.781853127571574902e+01 1.970880568172602987e-01
4.809550699999999779e+01 2.193029999999999979e-01
5.326377500000000254e+01 2.705040000000000222e-01
5.843721299999999985e+01 3.267430000000000057e-01
6.361581499999999778e+01 3.882450000000000068e-01
6.879960199999999304e+01 4.554440000000000155e-01
7.398863099999999804e+01 5.289760000000000018e-01
7.918300399999999684e+01 6.096580000000000332e-01
8.438286499999999535e+01 6.984759999999999858e-01
8.958840800000000115e+01 7.965609999999999635e-01
9.479987099999999600e+01 9.051770000000000094e-01
1.000175409999999943e+02 1.025706000000000007e+00
1.052417480000000012e+02 1.159632999999999914e+00
1.104728319999999968e+02 1.306394000000000055e+00
1.157110509999999977e+02 1.466545999999999905e+00
1.209567650000000043e+02 1.643405000000000005e+00
1.262104140000000001e+02 1.839198000000000111e+00
1.314724889999999959e+02 2.056041000000000007e+00
1.367435289999999952e+02 2.296091000000000104e+00
1.420241139999999973e+02 2.561612999999999918e+00
1.473148669999999925e+02 2.855033999999999850e+00
1.526164569999999969e+02 3.178993999999999875e+00
1.579296009999999910e+02 3.536391000000000062e+00
1.632550689999999918e+02 3.930435999999999819e+00
1.685936920000000043e+02 4.364697999999999745e+00
1.739463639999999884e+02 4.843158999999999992e+00
1.793140510000000063e+02 5.370249000000000272e+00
1.846978029999999933e+02 5.950886999999999816e+00
1.900987519999999904e+02 6.590495999999999910e+00
1.955181289999999876e+02 7.295007000000000019e+00
2.009572599999999909e+02 8.070826999999999529e+00
2.064175799999999867e+02 8.924789000000000527e+00
2.119006249999999909e+02 9.864050999999999902e+00
2.174080390000000023e+02 1.089597000000000016e+01
2.229415639999999996e+02 1.202793199999999985e+01
2.285030340000000137e+02 1.326716099999999976e+01
2.340943599999999947e+02 1.462050699999999992e+01
2.397175180000000125e+02 1.609423599999999865e+01
2.453745250000000055e+02 1.769383600000000101e+01
2.510674209999999960e+02 1.942385700000000170e+01
2.567982440000000111e+02 2.128780199999999923e+01
2.625690099999999916e+02 2.328807099999999863e+01
2.683816899999999919e+02 2.542596500000000148e+01
2.742381920000000264e+02 2.770173799999999886e+01
2.801403440000000273e+02 3.011469900000000166e+01
2.860898849999999811e+02 3.266333199999999692e+01
2.920884520000000180e+02 3.534544000000000352e+01
2.981375750000000266e+02 3.815828700000000140e+01
3.042386779999999931e+02 4.109874299999999891e+01
3.103930720000000179e+02 4.416340100000000035e+01
3.166019660000000044e+02 4.734868999999999772e+01
3.228664610000000152e+02 5.065096799999999888e+01
3.291875610000000165e+02 5.406659100000000251e+01
3.355661779999999794e+02 5.759197000000000344e+01
3.420031339999999886e+02 6.122361500000000234e+01
3.484991719999999873e+02 6.495815899999999488e+01
3.550549560000000042e+02 6.879238399999999842e+01
3.616710850000000050e+02 7.272322699999999429e+01
3.683480890000000159e+02 7.674778600000000495e+01
3.750864450000000261e+02 8.086332500000000323e+01
3.818865710000000036e+02 8.506726100000000201e+01
3.887488389999999754e+02 8.935716999999999643e+01
3.956735760000000255e+02 9.373077200000000175e+01
4.026610689999999977e+02 9.818592800000000409e+01
4.097115660000000048e+02 1.027206269999999932e+02
4.168252830000000131e+02 1.073329829999999987e+02
4.240024040000000127e+02 1.120212219999999945e+02
4.312430860000000052e+02 1.167836769999999973e+02
4.385474580000000060e+02 1.216187769999999944e+02
4.459156290000000240e+02 1.265250429999999966e+02
4.533476850000000127e+02 1.315010780000000068e+02
4.608436909999999784e+02 1.365455619999999897e+02
4.684036970000000224e+02 1.416572470000000123e+02
4.760277350000000069e+02 1.468349499999999921e+02
4.837158220000000028e+02 1.520775460000000123e+02
4.914679620000000000e+02 1.573839680000000101e+02
4.992841450000000236e+02 1.627531989999999951e+02
5.071643520000000080e+02 1.681842690000000005e+02
5.151085500000000366e+02 1.736762510000000077e+02
5.231167000000000371e+02 1.792282600000000059e+02
5.311887510000000248e+02 1.848394470000000069e+02
5.393246450000000323e+02 1.905089959999999962e+02
5.475243159999999989e+02 1.962361249999999870e+02
5.557876909999999953e+02 2.020200820000000022e+02
5.641146919999999909e+02 2.078601390000000038e+02
5.725052319999999781e+02 2.137555969999999945e+02
5.809592199999999593e+02 2.197057790000000068e+02
5.894765609999999469e+02 2.257100320000000124e+02
5.980571539999999686e+02 2.317677199999999971e+02
6.067008939999999484e+02 2.378782300000000021e+02
6.154076720000000478e+02 2.440409649999999999e+02
6.241773739999999862e+02 2.502553470000000004e+02
6.330098840000000564e+02 2.565208099999999831e+02
6.419050829999999905e+02 2.628368070000000216e+02
6.508628469999999879e+02 2.692028040000000146e+02
6.598830530000000181e+02 2.756182779999999752e+02
6.689655709999999544e+02 2.820827209999999923e+02
6.781102710000000116e+02 2.885956360000000132e+02
6.873170209999999543e+02 2.951565370000000144e+02
6.965856860000000097e+02 3.017649490000000014e+02
7.059161299999999528e+02 3.084204060000000140e+02
7.153082150000000183e+02 3.151224520000000098e+02
7.247618009999999913e+02 3.218706409999999778e+02
7.342767470000000003e+02 3.286645350000000008e+02
7.438529109999999491e+02 3.355037050000000249e+02
7.534901469999999790e+02 3.423877269999999839e+02
7.631883129999999937e+02 3.493161880000000110e+02
7.729472610000000259e+02 3.562886809999999969e+02
7.827668439999999919e+02 3.633048049999999876e+02
7.926469150000000354e+02 3.703641680000000065e+02
8.025873249999999643e+02 3.774663810000000126e+02
8.125879250000000411e+02 3.846110639999999989e+02
8.226485649999999623e+02 3.917978410000000054e+02
8.327690929999999980e+02 3.990263439999999946e+02
8.429493589999999585e+02 4.062962079999999787e+02
8.531892110000000002e+02 4.136070750000000089e+02
8.634884970000000521e+02 4.209585920000000101e+02
8.738470640000000458e+02 4.283504110000000082e+02
8.842647600000000239e+02 4.357821870000000217e+02
8.947414320000000316e+02 4.432535829999999919e+02
9.052769260000000031e+02 4.507642630000000281e+02
9.158710889999999836e+02 4.583138989999999922e+02
9.265237660000000233e+02 4.659021660000000224e+02
9.372348050000000512e+02 4.735287410000000250e+02
9.480040510000000040e+02 4.811933080000000018e+02
9.588313510000000406e+02 4.888955540000000042e+02
9.697165499999999838e+02 4.966351700000000164e+02
9.806594949999999926e+02 5.044118510000000128e+02
9.916600320000000011e+02 5.122252949999999601e+02
1.002718005999999946e+03 5.200752049999999826e+02
1.013833263999999986e+03 5.279612849999999753e+02
1.025005652000000055e+03 5.358832469999999830e+02
1.036235018000000082e+03 5.438408010000000559e+02
1.047521205999999893e+03 5.518336659999999938e+02
1.058864064999999982e+03 5.598615590000000566e+02
1.070263441000000057e+03 5.679242030000000341e+02
1.081719180999999935e+03 5.760213250000000471e+02
1.093231134000000111e+03 5.841526539999999841e+02
1.104799144999999953e+03 5.923179209999999557e+02
1.116423064999999951e+03 6.005168619999999464e+02
1.128102740000000040e+03 6.087492150000000493e+02
1.139838019000000031e+03 6.170147200000000112e+02
1.151628750000000082e+03 6.253131220000000212e+02
1.163474785000000111e+03 6.336441680000000360e+02
1.175375970000000052e+03 6.420076070000000072e+02
1.187332157000000052e+03 6.504031919999999900e+02
1.199343194999999923e+03 6.588306770000000370e+02
1.211408936000000040e+03 6.672898199999999633e+02
1.223529228999999987e+03 6.757803810000000340e+02
1.235703927000000022e+03 6.843021240000000489e+02
1.247932880000000068e+03 6.928548140000000330e+02
1.260215940999999930e+03 7.014382180000000062e+02
1.272552963000000091e+03 7.100521079999999756e+02
1.284943798000000015e+03 7.186962569999999459e+02
1.297388300000000072e+03 7.273704390000000330e+02
1.309886320999999953e+03 7.360744320000000016e+02
1.322437717000000021e+03 7.448080179999999473e+02
1.335042343000000074e+03 7.535709769999999708e+02
1.347700053000000025e+03 7.623630950000000439e+02
1.360410701999999901e+03 7.711841600000000199e+02
1.373174146999999948e+03 7.800339589999999816e+02
1.385990244000000075e+03 7.889122859999999946e+02
1.398858850999999959e+03 7.978189330000000155e+02
1.411779823999999962e+03 8.067536959999999908e+02
1.424753020999999990e+03 8.157163729999999759e+02
1.437778301000000056e+03 8.247067660000000160e+02
1.450855522999999948e+03 8.337246740000000500e+02
1.463984545999999909e+03 8.427699039999999968e+02
1.477165230000000065e+03 8.518422610000000077e+02
1.490397433999999976e+03 8.609415529999999990e+02
1.503681021000000101e+03 8.700675919999999905e+02
1.517015851000000112e+03 8.792201880000000074e+02
1.530401785999999902e+03 8.883991569999999456e+02
1.543838688999999931e+03 8.976043140000000449e+02
1.557326422000000093e+03 9.068354769999999689e+02
1.570864849000000049e+03 9.160924670000000560e+02
1.584453833000000031e+03 9.253751049999999623e+02
1.598093239999999923e+03 9.346832150000000183e+02
1.611782932999999957e+03 9.440166219999999839e+02
1.625522778999999900e+03 9.533751539999999522e+02
1.639312642999999980e+03 9.627586380000000190e+02
1.653152391999999963e+03 9.721669070000000374e+02
1.667041893000000073e+03 9.815997919999999795e+02
1.680981013000000075e+03 9.910571280000000343e+02
1.694969620000000077e+03 1.000538750000000050e+03
1.709007583999999952e+03 1.010044495999999981e+03
1.723094771999999921e+03 1.019574206000000004e+03
1.737231054999999969e+03 1.029127719000000070e+03
1.751416302999999971e+03 1.038704878999999892e+03
1.765650386000000026e+03 1.048305530000000090e+03
1.779933174999999892e+03 1.057929517000000033e+03
1.794264543000000003e+03 1.067576686999999993e+03
1.808644360999999890e+03 1.077246889000000010e+03
1.823072503000000097e+03 1.086939973000000009e+03
1.837548841000000039e+03 1.096655790999999908e+03
1.852073249999999916e+03 1.106394197000000077e+03
1.866645602999999937e+03 1.116155044999999973e+03
1.881265775999999960e+03 1.125938190999999961e+03
1.895933643999999958e+03 1.135743492999999944e+03
1.910649081999999908e+03 1.145570809999999938e+03
1.925411967999999888e+03 1.155420002999999951e+03
1.940222177000000102e+03 1.165290932999999995e+03
1.955079588999999942e+03 1.175183463999999958e+03
1.969984079999999949e+03 1.185097459999999955e+03
1.984935529000000088e+03 1.195032787000000098e+03
1.999933815000000095e+03 1.204989313000000038e+03
2.014978816999999935e+03 1.214966906000000108e+03
2.030070416000000023e+03 1.224965437000000065e+03
2.045208493000000090e+03 1.234984776000000011e+03
2.060392926999999872e+03 1.245024795999999924e+03
2.075623602000000119e+03 1.255085370999999896e+03
2.090900398000000223e+03 1.265166375999999900e+03
2.106223198000000139e+03 1.275267685999999912e+03
2.121591887000000042e+03 1.285389181000000008e+03
2.137006346000000121e+03 1.295530737999999928e+03
2.152466460999999981e+03 1.305692236999999977e+03
2.167972115000000031e+03 1.315873558999999887e+03
2.183523195000000214e+03 1.326074587000000065e+03
2.199119584999999915e+03 1.336295204000000012e+03
2.214761171999999988e+03 1.346535294000000022e+03
2.230447842000000037e+03 1.356794742999999926e+03
2.246179482000000007e+03 1.367073439000000008e+03
2.261955981000000065e+03 1.377371268000000100e+03
2.277777224999999817e+03 1.387688120000000026e+03
2.293643105000000105e+03 1.398023885000000064e+03
2.309553507999999965e+03 1.408378453999999920e+03
2.325508323999999902e+03 1.418751719000000094e+03
2.341507442999999967e+03 1.429143573000000060e+03
2.357550756999999976e+03 1.439553910999999971e+03
2.373638155000000097e+03 1.449982627999999977e+03
2.389769530000000032e+03 1.460429620999999997e+03
2.405944771999999830e+03 1.470894786000000067e+03
2.422163775999999871e+03 1.481378022000000101e+03
2.438426433000000088e+03 1.491879228000000012e+03
2.454732637000000068e+03 1.502398304000000053e+03
2.471082280999999966e+03 1.512935150999999905e+03
2.487475261000000046e+03 1.523489673000000039e+03
2.503911470999999892e+03 1.534061770999999908e+03
2.520390805999999884e+03 1.544651348999999982e+03
2.536913161999999829e+03 1.555258313999999928e+03
2.553478434999999990e+03 1.565882569000000103e+03
2.570086521000000175e+03 1.576524022000000059e+03
2.586737318999999843e+03 1.587182581000000027e+03
2.603430723999999827e+03 1.597858154999999897e+03
2.620166635999999926e+03 1.608550651000000016e+03
2.636944953000000169e+03 1.619259980999999925e+03
2.653765573000000131e+03 1.629986055000000079e+03
2.670628396000000066e+03 1.640728785000000016e+03
2.687533322000000226e+03 1.651488084999999955e+03
2.704480250999999953e+03 1.662263866999999891e+03